50 4.1037 7.74263 1.56799 10.5104
75 2.76776 9.98322 0.300747 9.38614
100 4.57238 10.0326 -1.72648 9.18714
150 -6.9366 12.7942 -2.91278 8.45929
175 -7.1414 13.6667 -4.56303 8.25102
225 -11.0261 0.255482 -7.33965 9.27066
250 -10.9253 4.63302 -8.90041 8.66846
275 -12.3195 10.6524 -10.289 7.73406
300 -12.5556 5.84261 -11.8539 8.25389
325 -14.5556 10.0557 -13.1195 7.19581
425 -13.3149 8.1111 -23.3327 6.17888
225 2.33334 3.82698 -5.26832 18.6542
275 -1.22222 12.5874 6.31784 0.508448
350 13.6667 -5.59714 8.99018 -1.19338
375 13.0989 -4.62028 11.6493 -4.27787
400 12.2047 -6.30033 15.851 -6.80341
100 -12.8818 -4.33333 -1.44004 16.0419
125 -1.88889 12.9739 -8.68905 -3.90637
300 14.1888 -4.31207 6.49352 -6.37956
325 16.1111 -4.33333 7.83763 -8.55279
350 2.69753 -13.2038 19.6834 -5.12051
50 -2.6469 13.0471 2.41973 -7.26312
75 4.73415 -7.22844 1.33622 -0.721117
100 -1.98213 12.8615 3.62249 -4.08588
125 5.06958 -8.33625 3.26885 0.200673
150 4.14452 -8.31196 4.26429 0.578343
175 4.21125 -9.03854 5.08034 1.06742
200 9.121 -7.4859 5.4931 1.40054
250 10.5364 0.983207 7.03237 1.89569
275 9.38712 1.31708 7.91483 2.46165
300 9.61556 2.8115 8.69885 2.93213
325 9.58027 0.654173 9.5248 3.78525
350 14.2613 6.76939 9.71439 3.61391
375 9.35199 9.87737 11.3471 3.57957
400 9.04437 8.25166 12.4363 4.35848
425 9.31627 7.53527 13.5159 5.0728
150 7.44444 -14.3399 7.31078 -16.3702
175 7.59569 -15.2961 5.01198 -12.2982
225 -2.84406 -6.7779 3.48722 -8.52786
250 8.30564 3.91077 -0.0739925 -7.10189
275 -3.7633 -8.83444 -0.365804 -2.75567
300 -3.66667 -8.1578 -2.16516 -0.0755338
325 -4.55584 -6.42342 -3.84512 2.69783
350 -6.85444 11.7761 -5.27838 2.33666
375 -6.36746 8.894 -7.41217 5.64433
400 -7.22224 8.8957 -9.5137 8.84229
50 -1.81319 6.77778 -4.81687 3.32852
75 0.555549 0.555556 -4.75838 4.93206
100 10.7775 -3.88465 -6.2679 5.13812
150 -11.5091 5.60435 -0.947747 2.13142
175 -10.623 3.90773 -0.77088 1.8933
200 -10.9562 4.13247 -0.322427 1.38213
250 -15.4444 9 1.52809 -0.382038
275 9.59929 -3.66666 -1.81386 1.00767
325 14.3333 -0.111129 -3.46461 -0.731852
400 1.22222 -5.74377 2.63965 1.16123
150 -12.3758 -2.61162 -10.2966 -0.878952
175 -12.5671 -2.21291 -9.64914 -1.22877
200 -12.1573 -2.12462 -9.21205 -1.35903
225 -4.5467 0.201788 -9.82197 -1.79018
250 -4.29358 0.164488 -9.01205 -1.76219
275 -10.1111 -0.494733 -7.64368 -1.70674
325 -3.57005 -2.12459 -7.16711 -1.56766
350 -5.26464 -2.4661 -6.22878 -1.49295
375 -8.96796 -3 -4.22687 -1.26508
400 -5.66677 -1.15572 -4.38356 -2.03433
150 -10.5556 12.5786 -8.05732 13.6699
175 -8.5155 15.1919 -8.86111 12.2365
200 -10.1111 12.7603 -8.22186 12.7679
250 -6.0205 10.4776 -8.64375 12.5158
275 -5.65132 10.1566 -8.48835 12.2417
350 -7.66667 13.8889 -7.65526 10.4999
375 -8.438 11.6667 -7.15533 10.666
425 -8.11111 9.12816 -6.4318 11.4447
150 -9.22222 -7.88889 4.15948 -10.434
200 6.12996 -5 -3.34112 -1.95165
300 8.40971 10.456 8.87225 7.97506
325 12.0027 12.5556 10.4843 10.9504
350 10.9933 12.4974 14.9436 15.8536
50 -5.66187 16.7938 -7.7856 15.073
100 -8.55555 15.009 -6.23537 15.5049
175 -7.44444 13.2222 -7.0942 14.8385
200 -5.39644 16.1111 -7.59713 13.929
275 -9.24546 11 -6.83508 14.3597
375 -7 13.8889 -9.04097 9.95186
75 -0.333334 0.556773 8.08077 4.60851
275 10.819 1.17202 9.02009 0.500073
300 10.9034 1.17975 10.4391 0.456484
325 11.4739 0.183425 11.7909 0.762036
350 11.7348 0.120024 13.4713 0.837833
150 7.66667 -13.8889 -10.4893 -1.01121
200 -12.1107 -4.08031 6.53123 -5.37073
225 12.111 4.18916 0.722408 -5.88566
275 -5.66667 -0.240581 8.46468 -1.71679
350 16.1228 0.84691 7.37322 2.81506
375 13.6667 0.82539 10.5223 5.69818
100 -16.7778 -4.11111 -11.6763 -1.97445
125 -13.6666 -3.14723 -14.4578 -3.06454
275 -12.0804 -2.5009 -14.6073 -3.854
300 -12.1462 -2.5116 -14.6198 -3.96156
325 -11.8889 -2.50373 -14.7178 -4.09358
375 -16.5049 -5.33992 -13.864 -3.76506
400 -15.2228 -5.49247 -14.1386 -3.74668
425 -16.1111 -4.33334 -13.6962 -4.23732
50 5.66669 2.77778 17.002 6.211
225 16.1111 4.25179 3.59253 1.1769
275 3.92681 -4.02782 5.53511 2.13458
325 -9.00351 8.34868 7.31286 -0.712809
350 8.49618 -0.857123 3.41205 0.811801
375 6.03274 -0.857323 3.47272 0.581029
400 4.97167 -1.66663 3.26619 0.683884
275 -5.25146 -3.19463 -7.31989 -2.48631
300 -5.27386 -3.30822 -6.95132 -3.14427
325 -9.65916 -3.22222 -5.91614 -3.64202
350 -5.91697 -3.69172 -6.82704 -3.98488
375 -7.88889 -4.57963 -6.57488 -4.26227
400 -7.44444 -3.44445 -6.71305 -5.19506
425 -5.44444 -6.16014 -8.41258 -4.12676
100 0.555544 16.8557 4.03513 -6.78604
200 2.07543 -1.44444 -0.849558 15.0112
350 -2.62655 13.3515 -2.27348 10.0587
375 -4.42281 9.47047 -2.26272 11.1711
400 -3 12.0595 -3.18594 10.5009
425 -2.63711 12.5556 -3.97644 10.2915
50 -12.6971 -7.4911 -9.92733 -5.13595
75 -9.84904 -5.88889 -10.5126 -4.87306
100 -7.72922 -5.44588 -10.5703 -4.22374
125 -11.6235 -6.77778 -9.59817 -3.32661
150 -8.99984 0.62276 -9.65404 -3.50647
175 -8.84721 0.690499 -9.36923 -2.71408
200 -8.86689 -0.168861 -9.07965 -1.90206
225 -8.02772 -0.0236617 -8.86219 -1.20087
250 -8.11111 -0.648496 -8.57699 -0.437459
275 -8.11119 -0.471749 -8.2947 0.280661
300 -8.55556 3.63368 -7.93643 0.470897
325 -9 1.72658 -7.51284 1.49003
350 -9.44444 -5.22222 -6.98648 4.0928
375 -5.19837 5.22222 -7.9283 2.02846
225 8.55556 -12.7778 -11.1338 21.4524
300 -6.52404 15.8078 10.611 -12.1082
350 12.8182 -12.1111 7.94473 -5.76557
375 12.8099 -12.0561 9.22312 -6.50727
400 12.5041 -10.1573 10.5774 -7.71475
425 11.2222 -8.88798 12.9949 -9.35973
75 -1.82384 -17.6667 -1.47422 -15.7785
100 -2.98693 -15.4444 -1.0943 -16.7193
125 -1.68835 -16.9389 -1.49256 -16.3065
150 -1.07142 -15.9154 -1.57376 -16.5325
175 -0.634282 -15.2222 -1.59291 -16.6399
250 -0.555557 -16.7778 -1.57276 -16.4506
275 0.555559 -17.4444 -1.97416 -16.2317
350 -3.44445 -16.3333 1.28177 -16.8715
125 2.33333 -4.34241 -7.41171 9.4579
150 -7.36209 7.56397 -3.80203 3.84723
175 -6.85795 7.94067 -4.81759 3.89985
225 -8.63924 6.56465 -5.87296 4.14322
250 -8.55555 6.67535 -6.47711 4.00911
275 -7.88889 5.69305 -7.14359 3.99364
300 -7.08243 5.24874 -7.90913 3.88314
425 -8.33329 -0.249041 -13.9696 10.6565
50 0.555552 -7.66667 -6.10618 5.4874
75 -5.37634 5.19279 -3.92227 0.55132
100 -5.33444 5.17165 -4.09011 0.703732
125 -6.85976 2.33334 -3.93394 1.31347
175 -6.55556 4.77584 -4.25261 0.850858
250 -6.55555 4.77778 -4.44691 0.520158
300 -9.44445 3 -3.82225 0.433698
325 5.89156 -8.55558 -8.01849 3.51601
425 -7.66664 1.94126 -2.84609 -0.856804
50 14.8412 6.33333 2.96834 6.02304
125 -3.22222 5.5117 10.7788 5.94653
150 8.11111 5.98252 7.65993 5.71318
175 9.45382 6.20399 7.21422 5.56848
200 9.57722 6.06021 6.9451 5.47218
225 6.48729 4.37112 7.14922 5.62575
250 6.43228 4.77778 6.9181 5.46806
350 7.22222 5.44445 4.15219 4.20915
150 11.3525 -9.36692 10.0534 -12.2277
175 14.7775 -4.93903 8.43075 -13.2762
200 7.7509 -16.1844 9.67741 -10.3474
225 6.17336 -15.1695 9.18885 -10.7781
250 5.12645 -15.6667 8.62961 -10.8193
275 6.3977 -9.24163 7.84192 -11.6512
300 7.08503 -10.907 7.12606 -11.4592
350 8.11111 -10.3333 5.34408 -11.7375
425 5.09965 -10.5334 3.41312 -12.5103
75 -12.1111 -13 12.2057 -10.7286
275 4.54936 -11.163 0.835472 -12.2161
300 5.00001 -11.7751 2.49748 -11.9398
325 7.66665 -12.5556 3.40553 -11.5428
375 1.33461 -11.6323 11.6175 -11.5799
75 -13.4445 -1.55333 6.73568 -10.3201
100 12.3869 -11.8782 -4.50772 -6.03608
125 12.3333 -11.9864 -4.85048 -6.06253
150 -4.65049 -6.93724 -2.51996 -6.8935
200 -12.3627 -1.15103 -4.38135 -6.94202
225 -12.0581 -2.70561 -5.75311 -6.45612
275 -11.4444 -10.1111 -8.30886 -5.02456
300 -11.0106 -9.37972 -9.63339 -4.67777
325 -10.2812 -8.49655 -11.1433 -4.32983
350 -9.98989 -0.743881 -12.7931 -6.00098
375 -10.2367 -2.06026 -14.5722 -5.55188
75 -4.75811 -8.1111 13.0576 1.46394
225 9.23841 -0.246782 5.23271 -1.48773
250 9.18941 2.00056 6.32132 -1.07522
275 11.4846 0.594715 6.97025 -0.119952
300 10.9516 1.59033 7.96772 0.446618
325 7.66667 5.00001 9.46224 0.53411
350 11.6667 -0.777778 9.60923 2.487
425 5.66667 0.333327 17.3269 6.15049
50 -10.5556 12.0494 -23.6259 -48.5424
325 -7.44444 -3.44444 6.09997 -2.4022
350 12.1712 -12.8586 2.48812 -1.0287
375 11.2947 -12.2049 4.13709 -2.14632
425 5.88887 7.60277 10.1921 -15.1726
50 12.2377 9.66664 7.14146 -8.02583
75 11.4444 12.6914 6.42902 -8.56135
100 0.999995 -14.5592 7.46878 -3.29097
125 1.06587 -17.3199 6.16381 -3.93972
150 -0.555551 -16.5555 5.16853 -5.03294
175 4.32107 -8.63853 3.57365 -6.63668
200 4.37495 -8.77287 2.56546 -7.28163
250 3 -11.5126 0.663372 -8.345
275 2.77818 -11.8528 -0.34643 -8.92812
300 4.97787 -11.8889 -1.61491 -9.52511
325 -3.22031 -12.5556 -1.85721 -10.0531
350 -5.89439 -6.72699 -2.51104 -11.489
375 -6.37551 -8.50397 -3.41675 -12.0188
400 -5.30107 -9.3785 -4.69901 -12.6864
425 -4.97065 -8.38189 -5.98671 -13.9202
50 4.89807 -7.42617 7.7618 -5.96415
75 5.42282 -5.80674 6.90413 -6.54938
100 6.45428 -5.88888 6.10231 -6.45297
150 5.43836 -6.33154 5.42761 -6.2789
200 5.22222 -6.30586 4.63115 -6.22282
250 5.44452 -4.77777 3.80507 -6.30334
275 6.74218 -7.00001 3.25472 -6.06253
300 4.93335 -3.33962 2.99645 -6.44577
325 2.45911 -8.36367 2.88143 -5.76362
350 2.41727 -8.0673 2.46369 -5.6964
375 2.45448 -6.33333 1.9973 -5.96681
425 -2.7159 -4.60009 2.97009 -6.53624
100 15.8892 -0.555556 4.65433 0.451141
125 13.2222 -0.0941187 7.69723 -0.0618633
225 1.76557 1.88892 11.2623 -0.782809
275 11.8954 -2.11111 9.852 -0.384291
300 -11.2222 0.999983 12.9624 -0.87844
325 12.1112 -1.77288 9.93222 -0.584583
350 16.0666 -1.35075 9.15716 -0.724509
375 16.0575 -3 8.86928 -0.360727
425 15 0.724987 8.25578 -1.98836
50 -2.16647 -2.22256 -0.0273065 6.71342
75 3.42314 4.32904 -2.20415 1.43884
100 2.83532 3.59349 -0.605012 2.33771
125 -8.77778 7.88888 3.76741 1.2785
175 5.77108 -0.333374 -8.31906 13.7568
50 -2.84671 0.512149 0.535006 -7.14568
75 -4.68439 -1.86896 -0.444508 -5.5288
100 -4.49927 -2.16052 -1.84087 -4.70944
125 -6.77778 -9.89614 -2.74811 -2.95528
150 -4.43388 -15.7701 -4.21429 -1.93307
175 2.34138 3.98493 -5.89775 -3.38431
200 3.66928 2.82007 -6.97292 -2.66251
225 4.29719 3.29961 -8.03815 -2.12729
250 -13.8889 -10.9919 -7.7838 -0.52635
275 -12.4797 -9.29398 -8.9196 -0.00774554
300 -12.4667 -3.64855 -9.95451 0.127868
325 -15.7048 5.18884 -10.5778 -0.387942
350 -12.781 4.85009 -12.0766 0.074355
375 -15.9707 3.11484 -12.536 0.881877
425 -13.0013 3.88889 -16.0017 1.70715
50 2.36444 -10.1111 8.10892 -2.79411
100 8.69553 -0.931585 5.36832 -6.391
125 6.89893 -2.54081 6.06888 -5.47422
150 7.44444 -2.10419 6.09163 -5.21611
225 5.98255 -7.1056 6.60692 -3.74057
275 6.11109 -6.70167 6.79887 -3.17672
300 8.77936 -4.33251 6.17288 -3.41582
400 5.40352 -0.898532 8.87753 -5.06225
50 8.85272 0.693111 0.780711 -0.793932
100 13.966 -9.07462 0.755064 3.04441
125 -2.90183 -2.02268 4.58941 1.82646
150 -3.08495 -1.97953 4.46892 2.29107
175 -2.74844 -1.03153 4.34282 2.65968
200 13.4197 10.5336 2.81873 2.09485
250 3.00001 14.1704 3.993 3.07899
275 -8.15338 14.8942 5.00788 3.5519
300 -4.83396 12.4949 4.9565 4.22699
325 6.48271 7.97836 3.96837 5.17321
350 9.16917 2.97455 3.6286 6.42282
375 4.61405 0.333365 4.39211 7.66546
400 5.22223 0.332976 4.36077 8.6626
425 11.9051 3.90018 2.35489 8.7261
