13181 3635
13181 11141
13205 10132
13292 10956
13294 2974
13294 4385
13300 9991
13304 2323
13309 21282
13315 9984
13316 7287
13316 19990
13319 8572
13335 5931
13335 17517
13342 7043
13342 7635
13342 15849
13346 12053
13346 19785
13346 21159
13350 6457
13355 19479
13361 8887
13362 2839
13362 11207
13366 5076
13372 5256
13390 848
13391 9462
13391 11796
13392 4055
13397 3378
13401 1278
13404 2012
13411 15800
13414 12935
13418 1432
13418 5568
13475 1141
13478 9749
13478 17218
13481 1831
13484 28541
13484 31427
13487 9678
13487 12430
13487 16754
13487 27187
13490 19030
13490 23810
13491 2263
13491 7754
13496 14032
13496 14875
13496 20187
13496 27553
13499 16944
13499 17181
13499 26392
13503 5553
13503 6124
13503 8218
13503 24175
13503 31126
13507 9643
13507 12447
13512 15044
13516 10104
13517 3886
13518 17327
13518 29588
13523 5525
13524 32225
13526 5781
13526 11856
13530 7031
13530 27846
13532 5141
13532 19801
13532 23537
13533 23405
13534 5515
13534 5985
13534 25859
13536 1138
13536 22351
13536 26682
13538 1853
13538 2574
13538 31419
13542 21037
13544 2285
13544 4154
13545 24909
13546 30779
13549 1228
13551 3168
13554 12386
13555 30357
13557 4079
13559 7793
13559 20962
13562 15041
13562 15684
13564 22222
13564 31434
13567 8470
13568 3909
13568 13957
13570 15382
13570 16145
13570 16443
13577 10809
13578 3800
13579 3033
13579 17753
13582 32509
13583 886
13591 6533
13591 19417
13591 25981
13591 26388
13592 16060
13599 6113
13607 2699
13616 375
13621 1671
13623 792
13630 1844
13654 12229
13654 12804
13654 13532
13657 6906
13657 27283
13664 2827
13664 29374
13666 2599
13666 10088
13666 11328
13669 5453
13669 7663
13669 16586
13670 6271
13674 5525
13674 7159
13675 14421
13680 18102
13680 25254
13682 9478
13689 7962
13689 26540
13695 2903
13697 3151
13697 10506
13706 3420
13706 13124
13706 21487
13708 493
13708 675
13711 19996
13711 24100
13712 5784
13712 7767
13713 3168
13713 10882
13713 27607
13715 6890
13716 5239
13719 7049
13721 4791
13723 9237
13725 11849
13725 16444
13725 28676
13739 871
13742 10982
13742 15749
13748 8087
13749 19382
13749 27059
13751 18499
13752 9385
13783 21863
13785 11611
13785 12233
13791 6882
13791 23511
13792 3890
13793 767
13793 15509
13793 24810
13793 31789
13795 18373
13795 19549
13795 24855
13796 2692
13798 4172
13799 9828
13802 13632
13802 18565
13804 15928
13807 2418
13807 6691
13816 1353
13818 9309
13820 5458
13821 72
13823 20467
13823 29847
13830 1631
13833 7020
13836 13326
13847 8174
13847 11784
13848 2658
13853 7020
13853 7457
13853 10945
13855 485
13855 3622
13856 59
13856 983
13861 26186
13884 15760
13884 20528
13884 26691
13884 27379
13884 28227
13887 13265
13889 3373
13893 11830
13898 3228
13901 33603
13917 1755
13918 4556
13921 19759
13925 5945
13930 25925
13935 5108
13936 14440
13936 20244
13936 26621
13938 717
13939 52
13939 33352
13948 20627
13948 26776
13953 30828
13954 572
13954 5182
13956 925
13956 2526
13957 12669
13957 14445
13959 6210
13963 1539
13967 10650
13969 19964
13970 15385
13970 18311
13973 7024
13977 5528
13979 4547
13979 5374
13982 23966
13983 2511
13986 3712
13986 25920
13996 2105
13996 9049
13996 10025
13997 9853
13997 19410
13999 29773
14001 12305
14002 13836
14002 20599
14002 31496
14005 5474
14015 25545
14018 3102
14019 8946
14019 19926
14022 22455
14022 25607
14025 10945
14025 22485
14026 1173
14026 6319
14026 13668
14026 28072
14028 28424
14029 237
14029 1938
14029 2655
14030 25388
14032 16820
14032 18390
14032 22428
14033 17588
14033 25884
14033 27126
14033 32744
14037 1392
14037 5401
14037 8843
14038 5323
14041 18523
14042 25251
14042 28009
14045 1184
14058 7513
14062 22730
14063 18421
14067 16594
14069 26836
14076 15067
14076 18168
14078 10426
14078 17805
14081 2351
14119 17889
14119 20733
14125 3496
14125 13955
14132 13376
14169 1607
14171 10364
14171 10528
14172 811
14172 15732
14173 16864
14175 2582
14175 21093
14176 2588
14176 4620
14176 26478
14178 10120
14178 24697
14179 12580
14179 12918
14179 17075
14180 4553
14182 23413
14184 16989
14188 988
14188 7815
14188 11384
14188 26166
14191 1128
14192 26420
14192 29920
14194 2623
14211 8532
14211 16063
14215 3500
14222 1502
14222 13108
14222 18319
14233 3818
14245 1374
14245 19020
14246 9873
14248 6792
14252 1893
14252 1967
14259 4882
14259 12533
14261 24515
14262 18876
14264 2244
14264 9900
14265 4624
14265 9919
14269 11591
14269 19705
14269 30657
14270 27409
14270 32222
14272 27428
14273 7454
14273 15232
14275 13366
14275 24844
14276 3338
14279 14075
14279 22165
14281 14836
14281 16190
14281 20946
14281 23050
14281 27080
14282 33270
14284 2834
14290 1406
14290 9029
14291 11701
14296 12232
14296 29274
14297 18036
14303 17769
14306 3875
14306 19473
14306 22298
14307 20062
14310 19677
14314 6650
14314 7600
14314 8737
14314 23050
14316 15398
14319 6465
14319 31067
14320 6235
14320 22764
14320 30801
14322 11048
14323 19264
14351 1225
14351 15948
14351 31004
14352 1333
14354 18476
14355 24014
14355 27278
14357 23020
14357 26662
14357 29573
14358 18791
14358 27683
14358 30090
14360 1394
14361 587
14364 2052
14371 23414
14371 26300
14372 18281
14372 30414
14375 3657
14380 552
14380 752
14383 18976
14383 27776
14383 29766
14383 32510
14399 8545
14402 7284
14403 5710
14403 17405
14405 5701
14406 9311
14406 21748
14406 29261
14408 1441
14408 15735
14408 25035
14413 4425
14413 5401
14415 4779
14420 6146
14420 9494
14425 3779
14427 25098
14427 26685
14427 31771
14428 418
14428 14316
14430 20093
14431 27035
14433 6119
14433 12798
14433 13676
14434 29644
14437 2776
14437 29638
14439 15657
14439 23705
14445 18069
14445 29482
14446 14394
14446 29597
14454 6794
14454 15933
14454 18798
14766 10180
14767 33
14767 6087
14767 27432
14769 5741
14769 12761
14770 11507
14772 7415
14772 13608
14772 14699
14773 14334
14775 446
14775 892
14776 29706
14778 24922
14780 604
14782 7763
14783 21660
14786 18909
14787 16008
14794 3443
14794 30169
14804 20147
14804 27462
14814 1673
14824 19100
14829 3853
14829 5379
14836 1752
14836 15670
14844 9571
14857 10232
14858 2049
14864 17000
14875 54
14892 10573
14902 2906
14928 8238
14933 3433
14978 2428
14985 2652
14986 1653
14986 8462
14986 8783
14992 7722
14996 8092
15008 9689
15010 646
15011 19017
15011 23434
15012 29771
15015 28430
15016 10286
15020 11562
15020 31688
15021 3657
15024 6108
15024 16361
15025 28745
15028 22376
15028 22861
15028 28268
15032 18271
15032 26875
15033 6607
15033 18379
15035 5071
15035 6720
15035 7196
15037 4031
15041 15665
15041 24672
15046 30095
15047 6386
15047 10843
15049 13833
15055 8343
15055 10505
15055 15648
15063 6795
15065 22003
15067 9017
15067 9067
15068 30790
15070 24416
15071 4930
15073 12484
15077 14117
15080 1257
15080 10344
15081 24591
15084 8029
15084 16020
15087 1348
15087 2695
15087 28598
15087 29476
15090 10594
15090 13885
15090 17445
15093 24169
15096 14840
15098 12392
15098 18974
15098 30490
15099 3593
15101 9296
15101 9301
15106 31785
15108 1863
15109 5831
15112 22100
15114 27766
15117 18394
15117 19174
15118 7789
15120 25639
15121 10327
15121 17651
15123 13577
15124 5640
15124 6221
15124 22706
15124 22726
15131 4008
15131 13905
15132 7141
15135 9810
15135 15357
15137 22726
15138 19461
15140 542
15140 18156
15141 9351
15143 17157
15143 17360
15144 31275
15144 31628
15151 4653
15152 7028
15152 7842
15156 29858
15158 17294
15158 25775
15159 7086
15159 27222
15161 21759
15164 6304
15164 17142
15167 3075
15167 23374
15171 10638
15171 15533
15171 22100
15172 23435
15175 5945
15209 7148
15212 3703
15212 22743
15212 23221
15217 31062
15219 25132
15219 28524
15220 1770
15220 7059
15223 10379
15223 12790
15223 22325
15223 24462
15224 24229
15224 24418
15239 7693
15239 13496
15240 32061
15242 3701
15243 8354
15250 9524
15250 15435
15252 8182
15256 4497
15256 18962
15261 9743
15261 24000
15265 6692
15265 8974
15265 9466
15269 4209
15277 15319
15277 28657
15280 17304
15280 27647
15283 4384
15283 5869
15288 10650
15292 2097
15292 24903
15292 31467
15293 1171
15293 3672
15297 27125
15299 1978
15299 19494
15300 19735
15300 28145
15300 28221
15302 8623
15303 6680
15310 356
15310 24801
15312 27587
15319 2341
15319 16844
15319 23155
15321 4428
15321 26056
15321 27541
15347 6416
15347 16684
15347 17632
15356 26148
15359 1979
15359 10890
15359 12975
15361 5758
15361 13551
15363 3189
15365 9303
15366 2938
15368 10439
15372 21046
15374 21784
15376 1091
15376 25712
15376 28917
15378 22815
15378 28543
15385 19320
15388 8897
15398 28811
15402 21690
15403 12915
15403 23997
15405 22718
15409 19122
15411 10309
15413 8240
15415 10877
15420 2115
15420 27912
15421 24003
15424 422
15424 31083
15424 33119
15425 2684
15425 4900
15425 10775
15425 29655
15427 17541
15427 27622
15427 29237
15428 26869
15430 9503
15431 5133
15431 8771
15438 7922
15438 7953
15438 22509
15440 7456
15621 26666
15622 10358
15622 13144
15622 13742
15627 7283
15627 9265
15629 21039
15633 9843
15633 22983
15633 26142
15633 32375
15635 2387
15635 17465
15640 7442
15643 15900
15644 2577
15644 14833
15651 2181
15655 24000
15657 11873
15657 15854
15657 29245
15658 6893
15666 11026
15667 9543
15670 24424
15679 4469
15679 31238
15680 2125
15680 16463
15680 23834
15680 26089
15680 28162
15683 26003
15689 17888
15693 13653
15693 21398
15693 23567
15693 30493
15695 7705
15698 1631
15698 33294
15699 801
15702 11745
15702 31627
15711 6638
15712 4162
15716 8088
15716 19431
15716 20239
15718 810
15718 9348
15718 32194
15719 17755
15721 27921
15722 16670
15735 32154
15737 22959
15741 5107
15743 23142
15745 10772
15753 29311
15756 1784
15756 14787
15757 19243
15757 19698
15764 17188
15764 20585
15774 15028
15774 25627
15776 16311
15778 6153
15778 21756
15778 32740
15779 25217
15781 26916
15782 22682
15782 28460
15784 13739
15784 13754
15784 24369
15784 25362
15787 42
15788 3498
15788 22716
15788 32497
15790 17342
15791 3612
15791 24791
15793 26870
15794 13368
15796 612
15796 29194
15797 2907
15803 8081
15803 21400
15804 9566
15804 11319
15804 19319
15804 26345
15807 1828
15810 35432
15810 35475
15811 33222
15813 12000
15813 18366
15816 13697
15818 413
15818 15161
15819 18060
15821 30993
15825 7578
15825 23632
15827 6717
15827 17227
15828 5442
15828 23658
15830 12952
15831 4144
15831 30998
15835 9050
15837 10373
15843 11142
15844 20613
15847 3096
15847 6946
15872 7221
15875 11256
15876 2541
15876 3531
15879 29856
15882 6074
15886 27330
15887 2518
15889 16707
15889 30993
15890 6563
15892 3957
15892 16140
15894 4719
15894 5869
15894 7621
15896 23200
15897 1649
15897 14888
15897 22219
15899 11143
15899 18280
15899 25499
15900 569
15900 27209
15905 14395
15906 4610
15911 18286
15915 372
15915 4274
15915 11838
15917 15082
15917 30135
15919 12129
15919 25377
15919 28355
15919 31198
15921 15752
15924 15123
15925 16806
15925 21851
15932 2306
15938 1690
15938 18501
15943 1960
15943 4334
15943 4870
15951 5841
15951 7927
15951 9772
15951 33057
15953 15134
15953 16440
16080 25737
16082 2476
16082 10648
16082 23531
16085 2721
16092 3612
16092 19192
16098 9908
16098 18140
16098 29990
16102 9650
16102 28533
16111 2998
16111 12514
16113 10666
16116 29211
16137 18367
16143 24256
16148 17887
16150 22346
16153 4270
16153 23831
16157 1239
16157 22635
16158 26931
16160 290
16160 25350
16160 26483
16162 5655
16163 6291
16163 24959
16164 4496
16164 8460
16164 13566
16166 5559
16166 9359
16166 9720
16169 2252
16170 13910
16175 3896
16176 13252
16178 416
16178 6984
16178 28720
16185 24
16185 1850
16190 1913
16192 2561
16198 17152
16200 7959
16201 30365
16203 2246
16204 7352
16204 14616
16204 29281
16207 4382
16209 10080
16209 18383
16209 18480
16210 8582
16212 13234
16215 7487
16215 7972
16222 3002
16222 6780
16222 11894
16222 13834
16222 18484
16224 4553
16227 10808
16227 28022
16227 29620
16230 736
16230 2582
16231 19129
16233 33226
16233 34315
16267 21630
16270 29459
16274 26527
16274 28786
16280 17015
16288 15183
16288 19727
16288 32091
16290 3453
16290 4175
16297 5935
16297 9226
16310 8044
16312 726
16315 28799
16317 29845
16320 1470
16320 23553
16320 27629
16322 21746
16322 29951
16326 1517
16326 3051
16327 11732
16333 3378
16333 9539
16333 10414
16333 25579
16335 4198
16335 26386
16337 505
16337 9985
16339 15085
16339 16432
16341 9833
16342 28415
16344 5119
16344 16459
16345 2562
16347 4949
16347 24910
16349 3520
16351 16283
16354 252
16354 6188
16356 8641
16356 10070
16359 26339
16359 29168
16362 13489
16369 3099
16382 25662
16389 24217
16391 14707
16391 27473
16395 11164
16395 12012
16397 13752
16397 20097
16397 21176
16399 9084
16399 9279
16401 2973
16403 15776
16407 3814
16407 27635
16409 3771
16409 11274
16411 12801
16411 24297
16416 19420
16416 24462
16422 10729
16422 15495
16425 460
16425 10599
16425 27172
16427 16029
16428 15502
16428 23634
16431 350
16431 9431
16431 13988
16431 20484
16431 21561
16441 7909
16441 20700
16443 5164
16445 6520
16450 13311
16452 5647
16456 23605
16456 27615
16458 2839
16460 1582
16460 21922
16471 12473
16471 14688
16473 28515
16475 6432
16475 10470
16477 20795
16479 16731
16483 15742
16485 15080
16489 3756
16491 25494
16493 9734
16495 3986
16495 6718
16497 10548
16497 13210
16497 24804
16497 29718
16499 7466
16502 7649
16502 25484
16504 2084
16504 22342
16508 21919
16510 9880
16510 13753
16510 29803
16512 9885
16512 23248
16514 989
16514 22698
16516 4691
16516 7869
16518 13193
16520 10744
16520 18558
16520 28908
16522 5738
16522 12396
16526 2559
16526 14698
16526 26583
16532 10616
16532 29496
16532 30357
16534 7209
16534 11105
16534 12590
16534 24747
16541 3770
16546 30541
16548 1507
16550 5878
16550 12288
16550 28992
16552 167
16553 2378
16553 2621
16553 13024
16558 1494
16558 12068
16558 12302
16560 5723
16560 29014
16573 26280
16575 7196
16580 2236
16582 8292
16585 10474
16593 21601
16593 26223
16595 4315
16598 17535
16600 18149
16600 27364
16600 28990
16602 1238
16602 14273
16602 14990
16602 20665
16604 12811
16607 12788
16611 433
16611 10911
16614 18512
16616 11389
16616 13224
16616 29992
16619 5255
16621 11370
16621 21543
16627 15359
16633 11038
16633 15620
16633 26668
16635 1342
16635 10993
16635 28969
16639 5761
16639 29644
16641 28492
16643 17371
16643 29501
16645 13220
16647 9943
16647 27800
16656 8874
16658 3471
16663 13020
16663 15487
16667 786
16672 8536
16672 18057
16674 4089
16676 9744
16676 12562
16676 19199
16676 22465
16682 16680
16682 29736
16684 30411
16684 30767
16694 5293
16694 10836
16696 8205
16698 1069
16700 20522
16700 31217
16704 8558
16704 10515
16711 18638
16711 27581
16713 10307
16717 10135
16717 15455
16719 9257
16723 27166
16723 30870
16725 24056
16727 9698
16727 16994
16727 30978
16731 1935
16733 18002
16733 24989
16736 9402
16736 21847
16736 22204
16743 4973
16743 25432
16745 8803
16745 20045
16747 1810
16747 21750
16749 5445
16749 12010
16749 23940
16751 6580
16751 18395
16753 8201
16755 10205
16755 15811
16757 3479
16757 8058
16757 26634
16759 8742
16761 8279
16763 7241
16763 14653
16769 11170
16769 15267
16771 629
16771 21674
16771 28520
16773 1908
16773 9486
16773 28528
16775 1225
16775 13007
16775 19466
16775 28459
16775 33573
16778 3376
16778 26824
16778 27316
16780 14442
16780 27183
16782 23550
16782 23971
16785 3447
16788 21060
16792 13975
16795 18182
16795 23653
16797 3578
16797 20749
16797 25764
16799 20026
16799 21819
16801 24477
16803 4843
16805 2542
16805 21170
16807 12854
16807 23841
16807 24221
16807 33071
16809 8261
16809 21905
16814 15704
16825 29502
16829 1341
16829 3262
16829 3588
16829 26331
16834 11551
16834 27327
16837 21122
16840 28491
16842 8577
16842 25756
16845 13667
16845 29530
16848 236
16849 20335
16849 28114
16851 18292
16852 11882
16854 11279
16854 23979
16855 7943
16855 30604
16863 32789
16866 25427
16866 31923
16866 34600
16867 12408
16869 8019
16872 1532
16872 24870
16873 12913
16873 23329
16873 30800
16875 11105
16877 3360
16877 12963
16880 11803
16882 3145
16883 6888
16883 32443
16893 32036
16894 19091
16897 1014
16897 4537
16897 26532
16897 29294
16898 33669
16900 544
16900 7569
16900 9886
16901 5201
16904 20052
16904 26058
16907 17778
16907 24688
16907 33471
16908 4868
16908 24003
16911 11997
16912 11125
16912 19456
16912 27740
16914 27350
16915 10179
16915 15845
16915 20195
16918 4956
16919 872
16922 15180
16925 2066
16926 28895
16929 2035
16933 5438
16935 5033
16935 21073
16938 2446
16938 12849
16939 15746
16939 34401
16941 31111
16944 4995
16944 18677
16944 19826
16947 12569
16947 19171
16951 9751
16955 384
16961 21794
16966 5745
16966 8142
16967 3296
16967 11564
16967 26597
16967 27746
16970 23642
16970 33193
16970 33717
16971 831
16975 5235
16977 31778
16978 10382
16978 20385
16980 8456
16980 12030
16981 16550
16993 19518
17001 13813
17001 20804
17004 1
17004 4999
17006 3028
17006 8207
17008 935
17009 21639
17009 31392
17011 10409
17011 26027
17014 4103
17016 11437
17017 2714
17020 19554
17025 18347
17025 33230
17026 14978
17028 13426
17028 34761
17029 1549
17029 15093
17029 25853
17040 28870
17042 2477
17045 10380
17046 28961
17056 30877
17058 1576
17058 21194
17058 26393
17061 17815
17062 3332
17062 18263
17064 408
17065 9948
17065 32674
17065 34517
17067 12521
17071 21984
17071 28060
17071 34682
17072 2741
17072 10871
17072 18462
17072 32972
17075 3226
17077 15180
17078 2157
17078 9001
17078 17852
17078 27895
17081 12436
17084 7310
17086 22282
17086 23795
17087 3396
17087 19386
17087 28414
17089 14739
17089 30746
17089 36173
17090 1529
17090 24766
17093 14687
17095 12808
17096 3535
17096 14983
17099 10343
17099 10537
17099 17402
17103 21979
17110 16245
17111 12498
17111 15965
17111 25430
17111 28630
17115 11851
17115 16225
17117 3756
17117 22246
17117 28916
17121 26510
17125 20800
17128 24953
17129 28827
17131 8664
17132 11446
17134 34868
17135 8462
17135 12745
17143 343
17144 2247
17144 7051
17144 19491
17144 21758
17147 6075
17147 32356
17148 4240
17167 413
17169 2158
17169 25816
17180 4986
17180 22751
17180 27251
17182 33976
17183 1912
17183 16189
17183 34385
17185 24410
17185 34368
17186 21105
17190 14988
17190 20496
17190 24031
17193 20045
17200 21760
17200 32494
17201 23884
17203 7625
17204 13736
17206 1488
17206 7232
17207 26915
17207 28549
17210 4563
17212 18507
17212 31391
17213 21767
17213 22546
17213 22980
17213 26077
17215 15971
17215 16970
17215 19130
17216 31697
17218 35263
17219 4554
17219 19373
17219 27943
17219 29221
17221 15152
17221 27523
17222 20757
17224 12730
17225 10182
17225 17311
17225 21387
17225 23275
17227 26270
17227 31338
17228 16912
17228 25011
17228 30762
17230 13448
17230 20752
17231 3444
17231 9174
17231 34243
17233 11935
17233 12531
17234 2018
17237 7838
17237 10142
17237 11411
17237 22993
17237 29126
17237 32788
17242 6755
17242 34368
17243 35481
17245 465
17245 10569
17246 15831
17249 15796
17249 22581
17257 6369
17257 15177
17258 8191
17260 16842
17260 17075
17263 12938
17267 16201
17267 20939
17267 24580
17273 9848
17275 12450
17279 11990
17283 10158
17283 11428
17286 9047
17286 13845
17286 13988
17296 725
17306 26608
17318 5004
17319 5377
17319 32555
17325 19929
17326 3797
17326 23331
17326 31152
17337 1832
17340 11568
17342 2954
17342 4429
17343 7379
17346 28149
17347 26850
17354 19372
17356 19457
17356 34807
17357 12072
17357 20100
17359 6487
17359 35484
17363 9771
17363 22371
17364 1927
17364 6624
17371 11150
17372 3529
17372 16326
17375 17300
17377 15375
17381 9595
17386 24858
17387 13633
17387 26610
17390 19568
17390 21182
17397 12892
17397 19205
17397 31929
17397 34299
17403 15971
17410 7722
17410 10077
17415 24376
17419 7131
17420 9334
17423 31988
17428 25065
17429 17149
17429 32747
17432 5199
17432 17795
17432 29345
17452 22112
17455 10674
17455 14804
17456 25559
17456 30200
17460 25173
17463 1759
17463 22373
17468 10132
17470 626
17470 15880
17471 12476
17473 2161
17474 10134
17475 27257
17477 10520
17477 10555
17477 22931
17480 31230
17480 33509
17482 19835
17482 20532
17483 769
17483 2503
17483 15357
17485 3076
17488 27849
17489 710
17489 19360
17489 29541
17492 31984
17512 2251
17513 33668
17514 16297
17520 5637
17522 17029
17523 2792
17525 25910
17526 22352
17526 25808
17528 6030
17528 19535
17535 11515
17536 5436
17536 10488
17536 17739
17541 4108
17542 8860
17547 7663
17549 3569
17549 21872
17554 4642
17554 12496
17554 22338
17554 23237
17554 26831
17558 25552
17559 12189
17561 33280
17565 25109
17566 4236
17566 7322
17568 12672
17568 22063
17569 8475
17569 31644
17571 6193
17573 25249
17575 30984
17579 15161
17579 33302
17583 3571
17583 16226
17587 1956
17587 5105
17588 34571
17590 27540
17591 16854
17594 5207
17594 12794
17600 8903
17600 24660
17601 1814
17606 5219
17606 9280
17606 11649
17606 17830
17606 23143
17606 27017
17607 10765
17609 8824
17610 9773
17610 18484
17610 25891
17612 2590
17612 4170
17612 18678
17613 19258
17616 24995
17617 12722
17623 11331
17623 32049
17626 5355
17630 10912
17632 23375
17634 16619
17636 2995
17636 8105
17636 14949
17637 10346
17639 20552
17640 26168
17643 32582
17647 16950
17647 23433
17647 34405
17653 2777
17655 10115
17655 30782
17656 16826
17659 13229
17668 27265
17668 27849
17670 22787
17670 32239
17677 31640
17679 5800
17679 21551
17679 21889
17679 31130
17680 29296
17683 8689
17683 22626
17683 24819
17685 21117
17685 25324
17685 32013
17687 1229
17689 8800
17695 1440
17696 11402
17696 31143
17698 3618
17698 21850
17698 32307
17699 3772
17701 82
17701 15860
17701 22833
17701 27946
17701 30419
17703 2266
17703 30042
17706 2570
17706 6688
17708 18997
17708 29490
17711 23821
17712 25749
17717 9249
17720 25046
17721 764
17721 29430
17723 13849
17723 32880
17724 14820
17728 6757
17728 9585
17730 13499
17730 23888
17732 19065
17732 21182
17733 7642
17733 9730
17733 17512
17735 29432
17736 7899
17741 26524
17742 11577
17742 23227
17742 33125
17744 10889
17745 11575
17747 12875
17747 23069
17748 8640
17748 16827
17750 6657
17751 1970
17751 13794
17751 15922
17753 17240
17754 2380
17754 5601
17754 15194
17754 15741
17754 30103
17754 32308
17756 20619
17756 29135
17756 30751
17758 8229
17758 11409
17758 16632
17758 21531
17760 15016
17761 8567
17761 16010
17761 32580
17763 7196
17763 16752
17763 18089
17764 29850
17766 20662
17766 20671
17767 5194
17770 10124
17770 22274
17772 15545
17772 23029
17772 27334
17773 1392
17773 7700
17773 15033
17773 15360
17776 20632
17776 31965
17778 9526
17779 2432
17779 15936
17779 18109
17781 16079
17781 18945
17782 22376
17782 28645
17785 24505
17786 10504
17786 13244
17786 15600
17788 5358
17790 17354
17790 29659
17792 3760
17792 3949
17794 5492
17794 27552
17794 30759
17796 8910
17796 31660
17797 17522
17797 27881
17797 30059
17799 5789
17801 7031
17801 35117
17803 10269
17803 14107
17804 9179
17804 28205
17804 31342
17804 34838
17806 9718
17807 17325
17807 21315
17807 29591
17812 105
17812 23440
17812 25331
17812 33318
17813 22799
17813 23450
17815 9933
17816 31615
17818 14314
17818 22485
17818 26404
17819 32326
17819 34807
17821 25199
17821 25392
17821 26728
17822 21609
17824 4932
17824 5985
17824 15699
17824 21212
17824 23218
17824 26215
17824 30954
17825 8947
17825 35235
17827 7437
17827 8235
17827 17970
17828 1568
17828 6596
17828 8745
17828 29833
17830 4126
17830 12601
17830 15464
17830 29918
17831 13043
17831 14411
17833 10886
17833 27734
17833 28762
17834 28455
17834 34045
17836 2230
17836 3720
17836 24281
17836 27475
17836 31708
17837 10970
17837 28131
17837 31351
17840 2947
17840 27053
17841 4713
17841 35881
17842 14227
17845 46
17846 21986
17846 105348
17859 1942
17862 863
17871 279
17871 5942
17871 6990
17873 6493
17873 15160
17873 18874
17873 27824
17873 28831
17873 35658
17875 17838
17875 32177
17876 18829
17876 19371
17876 33201
17879 7212
17879 19461
17880 6585
17882 3620
17882 8505
17882 15615
17883 350
17883 1737
17883 23815
17883 35418
17885 1890
17885 13407
17885 13909
17886 20565
17888 11513
17888 29745
17889 12978
17889 20531
17889 30504
17891 4009
17891 8178
17892 2261
17892 6306
17894 10291
17894 10642
17894 11669
17894 15006
17895 20617
17895 21288
17895 25215
17895 26155
17898 1593
17898 11184
17898 32918
17899 1030
17899 18571
17899 22344
17899 22504
17899 34090
17899 34629
17901 7859
17901 30570
17901 30994
17901 33969
17903 4278
17905 495
17905 1022
17906 9998
17906 10744
17906 21225
17906 21271
17906 22599
17908 1512
17909 1920
17909 7052
17909 8922
17909 10795
17910 6678
17910 27023
17912 10965
17912 21327
17912 29130
17912 33832
17913 9325
17913 18863
17913 29870
17915 22876
17915 29075
17915 30820
17915 30954
17918 7587
17918 9177
17918 14791
17918 23151
17919 34068
17921 1688
17921 19801
17925 6349
17925 17798
17928 20429
17928 25546
17928 28119
17929 319
17929 6674
17935 683
17935 29721
17935 33200
17936 11101
17936 21353
17938 22994
17939 7388
17939 9257
17939 30603
17942 8320
17943 2605
17943 17171
17943 27052
17943 28153
17945 9965
17945 15566
17945 23526
17945 26712
17946 1231
17946 7239
17946 16243
17950 13748
17952 1825
17956 21177
17956 26778
17957 6117
17957 29919
17960 790
17960 12992
17960 16555
17960 23755
17960 29116
17961 4772
17964 5975
17967 13677
17967 20897
17967 32086
17968 22915
17968 23535
17970 9642
17972 2061
17972 2444
17972 8284
17972 10123
17974 15274
17974 19665
17975 14613
17977 21687
17977 22056
17978 270
17981 2737
17981 7004
17982 18555
17985 1452
17985 22439
17986 6871
17986 9311
17986 15419
17986 27128
17988 1977
17988 19303
17988 21769
17988 29944
17988 32552
17989 13158
17991 8170
17991 9249
17991 11753
17992 2876
17992 9244
17992 21187
17992 24692
17995 11877
17995 17569
17996 6086
17996 14161
17998 15824
17998 24653
17999 3082
17999 8491
18002 7565
18002 27733
18003 5027
18006 3853
18007 16545
18007 17329
18007 18482
18009 12973
18009 14943
18009 15593
18009 19171
18010 13663
18013 29327
18014 5330
18014 15291
18014 27058
18014 27357
18014 30455
18016 8424
18016 15348
18016 19890
18017 17033
18017 26596
18019 8471
18019 18629
18019 19215
18022 5493
18022 9643
18022 30049
18023 9652
18023 12228
18023 17016
18023 24472
18025 2741
18025 2991
18025 4090
18025 13781
18025 20168
18025 21555
18026 2368
18026 8112
18026 16388
18026 20100
18026 32545
18029 876
18029 1838
18029 12655
18029 18381
18029 29408
18031 6711
18031 12271
18031 13278
18032 15831
18034 10235
18034 26091
18035 1775
18035 26817
18037 30666
18038 14537
18038 17556
18038 27855
18038 31461
18041 6524
18041 16680
18041 32813
18042 6499
18042 25046
18042 26523
18042 28968
18042 31382
18045 4834
18046 10013
18046 29959
18048 878
18048 1653
18054 16743
18054 30929
18056 22155
18056 25709
18056 30143
18056 32384
18058 4130
18060 13127
18060 14754
18061 10459
18063 1422
18063 6110
18063 9212
18064 8764
18064 18066
18066 1404
18067 22160
18067 31521
18067 31813
18069 17357
18070 2815
18070 19198
18070 33255
18072 19188
18072 25203
18073 13888
18076 6866
18076 9700
18076 26183
18077 3945
18077 5760
18077 18651
18079 7705
18079 13387
18079 14489
18079 16770
18079 17598
18079 19915
18080 14692
18080 17646
18080 19837
18080 23017
18082 5882
18082 10206
18082 13773
18082 21865
18083 5452
18083 20424
18083 22729
18085 28491
18086 25260
18087 5092
18089 5356
18090 6447
18093 13799
18093 25380
18093 31004
18096 28553
18097 9723
18097 32875
18099 1873
18099 6837
18100 27907
18102 27985
18102 33280
18103 31984
18106 1204
18106 25638
18107 4742
18107 10679
18109 10149
18110 16911
18110 31609
18113 2268
18113 7652
18113 31901
18115 2513
18115 5938
18115 8141
18116 13258
18116 28430
18119 4506
18119 21973
18119 27497
18120 10829
18120 14810
18120 15772
18120 19143
18120 23025
18122 1406
18122 9631
18123 4569
18123 11160
18123 30847
18125 1326
18125 23628
18126 1425
18126 3207
18126 9905
18126 19762
18128 11688
18128 21897
18128 24342
18129 4454
18129 17905
18129 29533
18131 32552
18132 2828
18133 6790
18135 11506
18135 23500
18138 1337
18138 23896
18139 9195
18139 15532
18139 19726
18140 929
18140 21491
18141 6564
18141 13022
18141 21858
18146 8572
18146 13623
18148 18195
18148 18534
18150 29271
18151 163
18151 13454
18151 14370
18153 22016
18153 25926
18153 27492
18153 28566
18153 29837
18154 2403
18154 3669
18154 4636
18156 22001
18156 28538
18157 19975
18157 20208
18157 22512
18159 192
18159 32262
18160 4053
18163 14047
18163 17178
18163 22797
18163 26170
18165 1825
18165 2538
18165 3510
18167 10968
18167 31747
18168 6641
18171 5439
18171 15927
18176 21550
18178 3132
18180 20011
18180 29433
18183 2649
18183 2931
18183 7491
18183 14888
18183 32981
18184 7295
18184 7892
18184 10743
18184 18809
18184 29911
18186 5895
18188 15271
18188 28755
18190 3079
18190 4292
18190 21579
18191 6207
18193 1738
18193 29462
18195 1290
18195 9464
18195 31815
18197 29934
18197 30115
18198 17093
18198 22258
18201 12910
18201 21678
18201 32231
18202 3485
18202 4891
18202 24236
18202 32101
18207 15822
18207 19468
18207 21634
18208 3620
18210 412
18212 379
18213 17305
18213 19604
18213 31556
18216 32087
18217 15208
18217 17395
18217 27811
