85426 0 13292 12787 13
843696 1 13384 1705 21
1347140 2 13487 28671 8
1552778 3 13507 9478 12
1570088 4 13507 26788 12
1724612 5 13521 12070 14
1847640 6 13527 5807 14
2108222 7 13540 13728 6
2224602 8 13546 17609 5
2290201 9 13549 17025 12
2705486 10 13578 13693 15
2709834 11 13579 3033 9
2812309 12 13586 3723 21
2899355 13 13591 23507 14
3290484 14 13657 31241 15
3345625 15 13661 23588 7
3729242 16 13695 1881 39
4381867 17 13748 4652 21
4470808 18 13752 110 17
5238241 19 13801 1242 8
5369355 20 13809 27312 18
5592682 21 13828 1727 19
5772731 22 13839 2273 5
5978330 23 13861 29445 14
6679651 24 13950 25052 10
6858568 25 13963 31298 23
6959971 26 13972 8551 11
6974051 27 13975 2757 14
7660808 28 14028 5516 13
7769642 29 14033 11583 12
7810508 30 14037 4377 21
8197913 31 14067 27561 11
8259149 32 14076 8916 11
8302569 33 14078 18719 8
8844960 34 14182 29512 20
8940691 35 14188 23504 12
9328393 36 14230 3155 25
9524921 37 14248 15071 28
9828780 38 14267 11609 5
10210231 39 14285 7183 12
10398986 40 14293 30048 6
10411365 41 14296 9731 14
10427050 42 14296 25416 12
10543713 43 14303 5236 10
10697536 44 14309 25923 4
10740686 45 14313 3254 2
11105809 46 14354 18032 19
11279289 47 14369 5254 11
11461793 48 14383 5377 18
11493253 49 14385 4132 9
11705675 50 14408 7259 2
11994106 51 14425 8824 9
12296182 52 14439 15292 32
12299521 53 14439 18631 15
12485471 54 14454 15933 4
13616510 55 14824 21696 4
14006430 56 14849 7185 13
14025088 57 14849 25843 14
14071527 58 14854 8338 22
14103533 59 14855 8371 12
14200856 60 14861 3558 17
14222105 61 14861 24806 11
14314631 62 14865 21753 7
14356953 63 14869 246 9
14431936 64 14875 8410 16
15104613 65 14927 16214 7
15142524 66 14928 21913 25
15369593 67 14940 24342 12
15586379 68 14980 9616 15
15794315 69 14995 13978 24
16467645 70 15032 17485 7
16638978 71 15041 28078 13
16667646 72 15044 7736 18
17085379 73 15080 17906 12
17115346 74 15081 15685 20
17425187 75 15096 21684 14
17476316 76 15099 7869 5
18069235 77 15128 20302 12
18148924 78 15134 3142 26
18847330 79 15172 23061 11
18893147 80 15175 5206 17
18904349 81 15175 16408 13
18928701 82 15177 8577 7
19313613 83 15223 30763 19
19384175 84 15227 6318 15
19667048 85 15255 6528 31
19973871 86 15274 23403 13
20106675 87 15281 16867 7
20224039 88 15293 4053 8
20224261 89 15293 4275 9
20326777 90 15300 22270 10
20879106 91 15368 12082 11
21461392 92 15416 11728 11
21472337 93 15416 22673 7
21474754 94 15416 25090 10
21536638 95 15421 6534 17
21978512 96 15621 14047 17
22274516 97 15636 5671 2
22466854 98 15651 29872 27
22604177 99 15666 3791 18
23119037 100 15695 26637 8
23160970 101 15698 1466 12
23344519 102 15707 32081 8
23433908 103 15712 22764 28
23622942 104 15722 15958 10
23623506 105 15722 16522 8
23689596 106 15735 5365 22
23777166 107 15739 27835 2
23838245 108 15743 23142 9
24449183 109 15781 20502 7
24557061 110 15785 29530 11
24558935 111 15785 31404 12
24593760 112 15787 32964 30
24648317 113 15790 21094 10
24705241 114 15793 11207 16
24882626 115 15800 22247 9
24915531 116 15803 21739 14
25482988 117 15830 19753 24
25513491 118 15831 30239 27
25590762 119 15835 5828 10
25645570 120 15837 26803 7
25710810 121 15844 11356 19
26037575 122 15882 28867 13
26215388 123 15892 13437 22
26330256 124 15897 12305 4
26471544 125 15903 19209 6
26494696 126 15905 8759 11
26530115 127 15906 14153 6
26991403 128 15932 11900 14
27857660 129 16111 22263 9
27985805 130 16133 17149 9
28156916 131 16145 24341 19
28356098 132 16160 25167 14
28645937 133 16176 33613 9
28784338 134 16198 15103 11
29264857 135 16219 4171 20
29307753 136 16221 13118 18
29542466 137 16231 11902 14
29583673 138 16233 19535 6
29600118 139 16233 35980 19
29670468 140 16267 28615 14
29886808 141 16286 17041 8
30351613 142 16326 3057 35
30390310 143 16327 26736 11
30650722 144 16347 889 34
30657649 145 16347 7816 4
30816444 146 16359 10682 10
30862523 147 16360 25579 6
31125966 149 16389 19918 19
31288593 150 16401 2035 33
31304575 151 16401 18017 9
31323834 152 16403 6925 8
31787967 153 16437 28297 9
32023415 154 16456 9256 12
32128364 155 16462 27280 14
32213724 156 16471 17293 11
32486257 157 16489 28054 14
32993419 158 16524 13726 24
33191434 159 16537 1914 7
33819264 160 16589 716 16
33914707 161 16595 1409 11
34067836 162 16604 21683 23
34155057 163 16614 4366 16
34212237 164 16616 29992 11
34242351 165 16619 3161 21
34273060 166 16621 26354 7
34913895 167 16663 22140 32
34936965 168 16665 13045 9
35211121 169 16684 1767 21
36372319 170 16765 12759 30
37017028 171 16805 11662 13
37210815 172 16829 4700 17
37243938 173 16831 2884 15
37245363 174 16831 4309 3
37636927 175 16854 19308 7
37733695 176 16864 10279 3
37836809 177 16869 8226 25
37923375 178 16873 27778 6
38090548 179 16883 22019 19
38255906 181 16894 19091 11
38698305 182 16921 3880 13
38719358 183 16921 24933 27
38726755 184 16921 32329 8
38742530 185 16922 13447 11
38907388 186 16936 3656 15
39361636 187 16958 15575 12
39470101 188 16963 17714 12
39708768 189 16975 11619 8
40616504 191 17035 1535 14
40618295 192 17035 3326 10
40729210 193 17045 13054 5
40878143 194 17054 30190 7
41117928 195 17065 15992 15
41290894 196 17074 8174 5
41346650 197 17075 27696 17
41419315 198 17078 27895 5
41447104 199 17080 19275 4
41511704 200 17083 11419 8
41598752 201 17086 25921 24
41973477 202 17110 487 2
42151869 203 17117 36297 27
42262696 204 17125 19089 6
42443199 205 17134 19104 11
42503739 206 17139 2800 17
42569548 207 17147 13120 20
42692326 208 17169 34400 17
42875193 209 17186 32749 20
43067808 210 17198 16029 9
43322166 211 17209 23093 7
43492105 212 17216 14167 22
43553623 213 17219 4554 6
43576697 214 17219 27628 5
43609085 215 17221 24629 12
43661490 216 17224 5897 5
43871699 217 17233 2626 12
43965631 218 17237 10622 8
43993155 219 17238 2466 4
44702314 220 17286 831 15
44746325 221 17294 308 13
44792977 222 17303 1422 11
44913117 223 17319 1544 35
44996925 224 17323 15331 21
45052706 225 17326 725 21
45063126 226 17326 11144 31
45266282 227 17346 24345 3
45328079 228 17354 14248 28
45778016 229 17378 30436 9
45831056 230 17381 12101 10
45866752 231 17383 11524 14
46113067 232 17398 8253 21
46130524 233 17398 25710 27
46199585 234 17403 20467 5
46341482 235 17414 9652 19
46848008 236 17462 11152 36
46865563 237 17462 28707 8
47053664 238 17473 1668 13
47063069 239 17473 11072 8
47089185 240 17474 2176 20
47145055 241 17477 6814 12
47145869 242 17477 7628 10
47274007 243 17482 28149 12
47514811 244 17492 20025 10
47610016 245 17500 22485 11
47738930 246 17516 20307 2
48111488 247 17536 4533 23
48587063 248 17566 2428 15
48610141 249 17566 25506 16
48694161 250 17571 3892 6
48791506 251 17575 30984 11
48980101 252 17587 1835 5
49241897 253 17600 17539 21
49740224 254 17626 4827 8
49910860 255 17636 3004 18
50068968 256 17642 23511 16
50318129 257 17658 2665 18
50419519 258 17662 914 20
51096593 259 17698 10542 15
51762167 260 17732 30142 2
51813005 261 17735 16763 12
51912354 262 17739 14242 37
52250000 263 17754 15194 15
52285551 264 17758 16632 2
52388389 265 17766 20662 10
52832454 266 17788 5358 5
53092935 267 17803 14107 9
53200213 268 17807 17325 2
53575835 269 17830 12601 11
53693869 270 17834 28455 8
53967703 271 17845 46 12
54148199 272 17846 105348 29
54425812 280 17946 16243 8
54581329 282 17972 2061 16
54757076 283 17981 7004 25
54830758 284 17985 22439 15
54962651 285 17992 21187 12
55014524 286 17996 6086 9
55341980 287 18016 8424 6
55353446 288 18016 19890 25
55384166 289 18017 17033 21
55504283 290 18025 2991 16
55515073 291 18025 13781 9
55647512 292 18031 13278 22
56160449 293 18066 1404 26
56401295 294 18077 3945 24
56439324 295 18079 16770 10
56494956 296 18082 5882 20
56625720 297 18087 5092 23
56713718 298 18093 31004 25
56782425 299 18097 32875 32
